6.125866651535034
6.110682725906372
5.895483493804932
6.1605424880981445
6.213663816452026
6.138460874557495
6.1456685066223145
5.9904396533966064
4.915043830871582
5.082871913909912
6.062244653701782
6.117289781570435
6.12700629234314
6.207303285598755
6.154945373535156
6.12441611289978
6.144657611846924
6.170533657073975
5.709535598754883
5.6058266162872314
5.753753423690796
6.052000522613525
5.864579200744629
5.3553619384765625
6.0384910106658936
6.0917510986328125
6.127621412277222
5.560636043548584
5.871975898742676
5.797296047210693
5.796564817428589
6.158124685287476
6.130747556686401
5.973260402679443
6.145379543304443
5.637214183807373
5.804044008255005
6.091320276260376
6.1435418128967285
5.9679179191589355
6.072606086730957
5.885183811187744
5.711325168609619
6.024383783340454
5.911732196807861
6.10936427116394
5.788823366165161
5.703907489776611
5.4556708335876465
5.841205596923828
6.122499704360962
6.160040378570557
6.1711015701293945
6.128841400146484
5.735757350921631
5.486325740814209
5.861151456832886
5.857290029525757
6.14065146446228
6.026008367538452
6.231415271759033
6.165501356124878
6.141911029815674
5.8668529987335205
6.132050275802612
6.111028432846069
6.016647577285767
5.897437810897827
6.172126293182373
6.156455755233765
6.23967432975769
6.192889213562012
6.0823142528533936
6.184034824371338
6.185103893280029
6.093602657318115
5.839635133743286
6.086352825164795
5.9372923374176025
6.091754674911499
6.165813446044922
5.828178644180298
5.912002801895142
6.01401162147522
6.120867967605591
6.192976236343384
6.184650182723999
6.0549046993255615
6.068506479263306
6.0286290645599365
5.650724411010742
5.933178901672363
5.839911460876465
5.7249534130096436
6.031863212585449
5.98740553855896
5.9551403522491455
6.040157318115234
5.490130186080933
5.74547815322876
