4.340976238250732
4.184533596038818
4.220815896987915
4.124964952468872
4.150896072387695
4.250086069107056
4.1556267738342285
4.154576778411865
4.255500078201294
4.2497851848602295
4.296225547790527
4.1678078174591064
4.163421630859375
4.206220626831055
4.241128921508789
4.216874361038208
4.149025201797485
4.151613235473633
4.151018857955933
4.185716152191162
4.359497308731079
4.168956518173218
4.1593616008758545
4.117683172225952
4.227453231811523
4.2183005809783936
4.175626993179321
4.232042074203491
4.107510328292847
4.1763410568237305
4.1330108642578125
4.233231544494629
4.217164754867554
4.147568464279175
4.173573970794678
4.238897085189819
4.177413702011108
4.194203615188599
4.201142072677612
4.251765727996826
4.263020753860474
4.185229778289795
4.208511114120483
4.186888217926025
4.149349212646484
4.128558397293091
4.221338987350464
4.145909786224365
4.206032037734985
4.133442401885986
4.2171311378479
4.185947418212891
4.212697982788086
4.2402448654174805
4.190589189529419
4.169114351272583
4.281733751296997
4.172844409942627
4.326062440872192
4.286282777786255
4.24336576461792
4.283856153488159
4.189354419708252
4.3172783851623535
4.246660232543945
4.2185752391815186
4.217615127563477
4.252326726913452
4.1935200691223145
4.227535247802734
4.18005633354187
4.314564228057861
4.255911111831665
4.1407835483551025
4.141707420349121
4.304712533950806
4.401172161102295
4.240769386291504
4.319537162780762
4.283748388290405
4.28018045425415
4.224751234054565
4.167508602142334
4.178617000579834
4.184194326400757
4.18991231918335
4.155187129974365
4.1396307945251465
4.1464948654174805
4.154568672180176
4.196079730987549
4.143536567687988
4.156947135925293
4.227535724639893
4.2755045890808105
4.272123098373413
4.186528205871582
4.271244525909424
4.335808753967285
4.338020086288452
