2.4414539337158203
2.3360795974731445
2.347698211669922
2.5278563499450684
2.3913750648498535
2.3473823070526123
2.33868408203125
2.3786401748657227
2.3310024738311768
2.378695487976074
2.340559482574463
2.335787296295166
2.415212631225586
2.385561466217041
2.3557612895965576
2.345541000366211
2.355266809463501
2.335141181945801
2.3839330673217773
2.333460807800293
2.338205099105835
2.401312828063965
2.4142565727233887
2.3866355419158936
2.35353684425354
2.3714942932128906
2.524218797683716
2.3459980487823486
2.3154680728912354
2.3539271354675293
2.375126361846924
2.400721311569214
2.414546012878418
2.4299614429473877
2.352257013320923
2.363623857498169
2.388517141342163
2.422656774520874
2.3983263969421387
2.3786041736602783
2.328758955001831
2.381735324859619
2.4054648876190186
2.386244297027588
2.399317502975464
2.372908115386963
2.3340890407562256
2.343459367752075
2.317678451538086
2.3465259075164795
2.492932081222534
2.3904478549957275
2.368151903152466
2.4804742336273193
2.50783634185791
2.4744555950164795
2.4939498901367188
2.4239752292633057
2.426565647125244
2.3153131008148193
2.3720703125
2.3773205280303955
2.322038173675537
2.3749775886535645
2.360208511352539
2.3759517669677734
2.364680051803589
2.3427817821502686
2.341686964035034
2.358488082885742
2.308638334274292
2.3914010524749756
2.3990159034729004
2.406233072280884
2.3790881633758545
2.521476984024048
2.370065450668335
2.3635144233703613
2.380995750427246
2.4659464359283447
2.4394984245300293
2.399042844772339
2.3731272220611572
2.397965908050537
2.459491491317749
2.4026637077331543
2.406050443649292
2.4148733615875244
2.3458683490753174
2.3650102615356445
2.4377269744873047
2.3632936477661133
2.3695287704467773
2.326085090637207
2.418853759765625
2.350066661834717
2.345984697341919
2.364164113998413
2.331254482269287
2.336650848388672
